249 -2268
219 -2244
189 -2221
161 -2193
132 -2170
104 -2146
75 -2123
47 -2101
19 -2078
-8 -2055
-35 -2033
-64 -2012
-90 -1989
-118 -1967
-145 -1945
-171 -1922
-198 -1900
-225 -1878
-251 -1857
-279 -1836
-305 -1813
-332 -1792
-359 -1770
-385 -1748
-411 -1726
-438 -1704
-466 -1682
-493 -1660
-519 -1637
-546 -1615
-574 -1593
-602 -1570
-629 -1547
-658 -1525
-686 -1502
-715 -1479
-744 -1455
-783 -1438
-812 -1414
-840 -1388
-872 -1365
-901 -1339
-932 -1313
-966 -1288
-997 -1262
-1030 -1236
-1062 -1208
-1081 -1174
-1118 -1148
-1154 -1120
-1191 -1092
-1224 -1061
-1255 -1029
-1293 -998
-51 -588
-29 -564
-10 -540
5 -519
21 -498
38 -478
52 -459
67 -440
83 -422
100 -404
112 -388
130 -372
141 -356
152 -342
164 -327
175 -313
186 -300
184 -286
167 -273
150 -258
131 -243
106 -227
-1267 -77
66 -193
34 -173
15 -153
-16 -131
-39 -110
-70 -86
-1387 227
-1375 267
-2595 629
-2547 682
-2501 734
-2463 788
-2418 839
-2373 889
-2336 941
-2293 990
-2250 1038
-2214 1088
-2173 1136
-2132 1183
-2096 1232
-2057 1278
-2017 1324
-1982 1372
-1943 1418
-1905 1463
-1867 1509
-1829 1554
-1794 1600
-1757 1645
-1720 1690
-1683 1735
-1646 1780
-1610 1825
-1572 1870
-1535 1915
-1498 1960
-1462 2005
-1425 2051
-1388 2096
-1350 2141
-1314 2188
-1275 2234
-1236 2279
-1198 2326
-1161 2374
-1122 2422
-1084 2470
-1044 2519
-1005 2567
-964 2616
-912 2647
-786 2558
-660 2457
-547 2370
-432 2268
-330 2181
-238 2105
-155 2039
-79 1980
-4 1915
64 1857
128 1807
186 1763
243 1715
296 1673
346 1635
396 1591
442 1552
485 1517
527 1483
566 1452
604 1422
637 1409
663 1440
689 1475
717 1507
745 1541
774 1579
804 1617
836 1659
868 1698
866 3545
933 3513
999 3462
1063 3411
1125 3359
1186 3307
1246 3263
1304 3217
1360 3165
1415 3119
1470 3081
1523 3035
1574 2989
1626 2950
1676 2910
1726 2871
1775 2831
1822 2792
1869 2753
1915 2714
1958 2669
1348 823
1708 1706
1738 1679
1767 1653
1414 764
1430 752
1446 739
1462 726
1478 713
1494 701
1510 688
1525 675
1540 662
1556 650
1571 637
1586 625
1602 612
1617 600
1632 587
1647 575
1662 563
1678 551
1693 538
1708 526
1723 513
1738 500
1754 488
1769 475
1785 463
1801 450
1816 437
1836 428
1852 415
1869 402
1885 389
1902 376
1918 362
1935 349
1952 335
1968 320
1988 307
2003 292
2022 278
2041 263
2058 248
2078 233
2094 216
2115 201
2132 184
2154 169
2172 151
2195 135
2217 117
2236 99
2264 82
2282 62
2307 44
2332 24
2353 3
2380 -16
2408 -38
2437 -59
2459 -83
2490 -106
2520 -130
2544 -156
2578 -182
2613 -209
2655 -237
2688 -266
2721 -297
2761 -329
2806 -362
2840 -397
2873 -432
2851 -464
2825 -495
2803 -526
2778 -556
2752 -584
2731 -613
2708 -641
2684 -668
2662 -695
2643 -722
2625 -749
2602 -774
2579 -798
2561 -824
2540 -848
2518 -872
2501 -897
2481 -920
2461 -943
2444 -967
2425 -990
2406 -1012
2387 -1035
2369 -1057
2352 -1080
2333 -1102
2315 -1124
2297 -1146
2280 -1168
2262 -1189
2243 -1210
2226 -1232
2209 -1254
2191 -1275
2174 -1297
2156 -1319
2138 -1340
2121 -1362
2104 -1383
2086 -1405
2068 -1427
2050 -1449
2032 -1470
2014 -1492
1996 -1514
1977 -1535
1959 -1558
1941 -1581
1922 -1603
1904 -1627
1885 -1650
1865 -1673
1846 -1696
1826 -1720
1806 -1743
1786 -1768
1766 -1794
1745 -1818
1725 -1845
1703 -1870
1682 -1895
1660 -1923
1638 -1951
1615 -1978
1592 -2007
1568 -2036
1548 -2076
1523 -2108
1498 -2141
1472 -2173
1446 -2205
1418 -2238
1390 -2273
1361 -2308
1332 -2349
1301 -2387
1269 -2423
1236 -2462
1203 -2503
1168 -2548
1132 -2597
1095 -2641
1056 -2690
1015 -2741
973 -2797
929 -2819
886 -2789
843 -2751
803 -2713
762 -2682
723 -2652
685 -2622
647 -2591
611 -2561
575 -2530
540 -2501
505 -2476
471 -2452
438 -2422
406 -2392
373 -2368
341 -2344
311 -2315
280 -2292
249 -2268
